image: coridor4.pgm
resolution: 0.050000
origin: [-6.118934, -5.582263, 0.000000]
negate: 0
occupied_thresh: 0.65
free_thresh: 0.196

