image: room.pgm
resolution: 0.050000
origin: [-3.75,-3.75, 0.000000]
negate: 0
occupied_thresh: 0.65
free_thresh: 0.196
width:  7.5	
height: 7.5

