image: coridor1.pgm
resolution: 0.050000
origin: [-4.0,-4.0,0.00] #[-4.839752, -3.826910, 0.000000]
negate: 0
occupied_thresh: 0.65
free_thresh: 0.196

