image: lshape.pgm
resolution: 0.050000
origin: [-4.085687, -14.431859, 0.000000]
negate: 0
occupied_thresh: 0.65
free_thresh: 0.196

