image: square.pgm
resolution: 0.050000
origin: [-8.280521, -11.754852, 0.000000]
negate: 0
occupied_thresh: 0.65
free_thresh: 0.196

