image: mymap.pgm
resolution: 0.050000
origin: [-3.675498, -4.817928, 0.000000]
negate: 0
occupied_thresh: 0.65
free_thresh: 0.196

